1403638523.827830  0.014097 -0.059301  0.030125  0.831448  0.063304  0.548863 -0.058624
1403638523.927830  0.001515 -0.056718 -0.036458  0.830440  0.066063  0.550967 -0.049409
1403638524.027829 -0.009316 -0.060505 -0.083029  0.830987  0.073509  0.549919 -0.040575
1403638524.127830 -0.015426 -0.062277 -0.088026  0.834683  0.081380  0.543451 -0.036639
1403638524.227829 -0.015412 -0.061432 -0.050946  0.837860  0.084186  0.537773 -0.041277
1403638524.327830 -0.012880 -0.061330 -0.002254  0.836716  0.083638  0.538939 -0.049543
1403638524.427830 -0.007074 -0.059924  0.055633  0.832233  0.080976  0.545364 -0.058383
1403638524.527829  0.000226 -0.057985  0.117136  0.824159  0.079612  0.557088 -0.063857
1403638524.627830  0.008918 -0.054837  0.175952  0.816412  0.075487  0.568873 -0.064469
1403638524.727829  0.017013 -0.050059  0.224933  0.811743  0.069920  0.577162 -0.055393
1403638524.827830  0.022514 -0.045084  0.259445  0.809396  0.064662  0.582112 -0.042925
1403638524.927830  0.025916 -0.040329  0.279609  0.808305  0.064526  0.583329 -0.046980
1403638525.027829  0.026142 -0.038565  0.280393  0.805973  0.067894  0.585786 -0.051503
1403638523.827830  0.014097 -0.059301  0.030125  0.831448  0.063304  0.548863 -0.058624
1403638523.927830  0.001515 -0.056718 -0.036458  0.830440  0.066063  0.550967 -0.049409
1403638524.027829 -0.009316 -0.060505 -0.083029  0.830987  0.073509  0.549919 -0.040575
1403638524.127830 -0.015426 -0.062277 -0.088026  0.834683  0.081380  0.543451 -0.036639
1403638524.227829 -0.015412 -0.061432 -0.050946  0.837860  0.084186  0.537773 -0.041277
1403638524.327830 -0.012880 -0.061330 -0.002254  0.836716  0.083638  0.538939 -0.049543
1403638524.427830 -0.007074 -0.059924  0.055633  0.832233  0.080976  0.545364 -0.058383
1403638523.827830  0.014097 -0.059301  0.030125  0.831448  0.063304  0.548863 -0.058624
1403638523.927830  0.001515 -0.056718 -0.036458  0.830440  0.066063  0.550967 -0.049409
1403638524.027829 -0.009316 -0.060505 -0.083029  0.830987  0.073509  0.549919 -0.040575
1403638524.127830 -0.015426 -0.062277 -0.088026  0.834683  0.081380  0.543451 -0.036639
1403638524.227829 -0.015412 -0.061432 -0.050946  0.837860  0.084186  0.537773 -0.041277
1403638524.327830 -0.012880 -0.061330 -0.002254  0.836716  0.083638  0.538939 -0.049543
1403638524.427830 -0.007074 -0.059924  0.055633  0.832233  0.080976  0.545364 -0.058383
1403638524.527829  0.000226 -0.057985  0.117136  0.824159  0.079612  0.557088 -0.063857
1403638523.827830  0.014097 -0.059301  0.030125  0.831448  0.063304  0.548863 -0.058624
1403638523.927830  0.001515 -0.056718 -0.036458  0.830440  0.066063  0.550967 -0.049409
1403638523.827830  0.014097 -0.059301  0.030125  0.831448  0.063304  0.548863 -0.058624
1403638523.927830  0.001515 -0.056718 -0.036458  0.830440  0.066063  0.550967 -0.049409
1403638524.027829 -0.009316 -0.060505 -0.083029  0.830987  0.073509  0.549919 -0.040575
1403638524.127830 -0.015426 -0.062277 -0.088026  0.834683  0.081380  0.543451 -0.036639
1403638524.227829 -0.015412 -0.061432 -0.050946  0.837860  0.084186  0.537773 -0.041277
1403638524.327830 -0.012880 -0.061330 -0.002254  0.836716  0.083638  0.538939 -0.049543
1403638524.427830 -0.007074 -0.059924  0.055633  0.832233  0.080976  0.545364 -0.058383
1403638523.827830  0.014097 -0.059301  0.030125  0.831448  0.063304  0.548863 -0.058624
1403638523.927830  0.001515 -0.056718 -0.036458  0.830440  0.066063  0.550967 -0.049409
1403638524.027829 -0.009316 -0.060505 -0.083029  0.830987  0.073509  0.549919 -0.040575
1403638524.127830 -0.015426 -0.062277 -0.088026  0.834683  0.081380  0.543451 -0.036639
1403638524.227829 -0.015412 -0.061432 -0.050946  0.837860  0.084186  0.537773 -0.041277
1403638524.327830 -0.012880 -0.061330 -0.002254  0.836716  0.083638  0.538939 -0.049543
1403638524.427830 -0.007074 -0.059924  0.055633  0.832233  0.080976  0.545364 -0.058383
1403638524.527829  0.000226 -0.057985  0.117136  0.824159  0.079612  0.557088 -0.063857
1403638524.627830  0.008918 -0.054837  0.175952  0.816412  0.075487  0.568873 -0.064469
1403638524.727829  0.017013 -0.050059  0.224933  0.811743  0.069920  0.577162 -0.055393
1403638524.827830  0.022514 -0.045084  0.259445  0.809396  0.064662  0.582112 -0.042925
1403638524.927830  0.025916 -0.040329  0.279609  0.808305  0.064526  0.583329 -0.046980
1403638525.027829  0.026142 -0.038565  0.280393  0.805973  0.067894  0.585786 -0.051503
1403638525.127830  0.027151 -0.037430  0.257701  0.803509  0.071707  0.589058 -0.047347
1403638525.227829  0.027891 -0.037746  0.216938  0.803631  0.076733  0.588361 -0.046054
1403638525.327830  0.026296 -0.038779  0.165710  0.809313  0.081849  0.579762 -0.046801
1403638525.427830  0.022861 -0.039172  0.111710  0.820445  0.085836  0.562882 -0.051636
1403638525.527829  0.019975 -0.039757  0.061515  0.831883  0.087033  0.544777 -0.060124
1403638525.627830  0.017696 -0.041440  0.017983  0.837883  0.085468  0.535401 -0.063182
1403638525.727829  0.016654 -0.043922 -0.016718  0.838668  0.081323  0.535006 -0.061575
1403638525.827830  0.015966 -0.044262 -0.041964  0.835967  0.075310  0.540556 -0.057338
1403638525.927830  0.014640 -0.045888 -0.058450  0.833104  0.072253  0.546241 -0.048360
1403638526.027829  0.011075 -0.059303 -0.066447  0.833353  0.071858  0.546432 -0.042077
1403638526.127830  0.008116 -0.086350 -0.067713  0.836096  0.065629  0.543226 -0.039264
1403638522.827830 0.020021 0.005823 0.182206  0.818886  0.023182  0.570789 -0.055571
1403638522.927830 0.029133 0.008240 0.281812  0.813522  0.018126  0.577225 -0.068302
1403638523.027829 0.032726 0.004499 0.344561  0.809470  0.015135  0.582478 -0.072451
1403638523.127830  0.032800 -0.000630  0.366552  0.808014  0.015567  0.584520 -0.072164
1403638523.227829  0.030998 -0.006885  0.378587  0.806504  0.015363  0.587117 -0.067891
1403638523.327830  0.029832 -0.013368  0.360448  0.804182  0.014728  0.591315 -0.058486
1403638523.427830  0.028973 -0.018566  0.324073  0.805102  0.015405  0.590361 -0.055201
1403638523.527829  0.025681 -0.024606  0.278406  0.811896  0.019072  0.581419 -0.049127
1403638523.627830  0.019869 -0.032174  0.227782  0.822176  0.022914  0.567247 -0.041625
1403638523.727829  0.014115 -0.038218  0.179428  0.829177  0.025751  0.557181 -0.036757
1403638523.827830  0.007823 -0.043011  0.134334  0.831598  0.028396  0.553574 -0.034562
1403638523.927830  0.000951 -0.048373  0.094370  0.831197  0.032700  0.554340 -0.027368
1403638524.027829 -0.004079 -0.051496  0.070085  0.832669  0.040360  0.551985 -0.018606
1403638524.127830 -0.006767 -0.051417  0.071911  0.836963  0.047905  0.544959 -0.014749
1403638524.227829 -0.006139 -0.050120  0.108759  0.840260  0.050583  0.539466 -0.019519
1403638524.327830 -0.003253 -0.050161  0.158943  0.839086  0.050317  0.540951 -0.027833
1403638524.427830  0.002883 -0.049240  0.217008  0.834451  0.048091  0.547761 -0.036564
1403638524.527829  0.010411 -0.047835  0.277680  0.826252  0.047238  0.559763 -0.041740
1403638524.627830  0.019284 -0.045367  0.335257  0.818254  0.043576  0.571654 -0.042110
1403638524.727829  0.027632 -0.041269  0.382984  0.813281  0.038309  0.579675 -0.032916
1403638524.827830  0.033474 -0.036695  0.416102  0.810653  0.033280  0.584223 -0.020440
1403638524.927830  0.037760 -0.031866  0.434575  0.809554  0.033224  0.585595 -0.024412
1403638525.027829  0.037941 -0.029914  0.433922  0.807282  0.036759  0.588311 -0.028887
1403638525.127830  0.039123 -0.028559  0.409725  0.804860  0.040776  0.591545 -0.024719
1403638525.227829  0.039843 -0.028468  0.368470  0.805058  0.045850  0.590953 -0.023540
1403638525.327830  0.038518 -0.027491  0.316215  0.810916  0.050701  0.582450 -0.024431
1403638525.427830  0.034702 -0.028526  0.262675  0.822091  0.054283  0.565972 -0.029927
1403638525.527829  0.030838 -0.028847  0.212912  0.833475  0.055088  0.548402 -0.039238
1403638525.627830  0.028058 -0.030711  0.169990  0.839320  0.053371  0.539307 -0.042905
1403638525.727829  0.026804 -0.034022  0.135740  0.839886  0.049243  0.538923 -0.041572
1403638525.827830  0.026076 -0.034025  0.109467  0.836928  0.043336  0.544324 -0.037204
1403638525.927830  0.024441 -0.037036  0.092072  0.833931  0.040511  0.549660 -0.028149
1403638526.027829  0.021790 -0.050472  0.085234  0.834229  0.040159  0.549517 -0.021930
1403638526.127830  0.017040 -0.076819  0.091807  0.836797  0.033945  0.546117 -0.019374
1403638526.227829  0.013411 -0.109493  0.103492  0.837808  0.024555  0.545143 -0.017179
1403638526.327830  0.007601 -0.147331  0.117996  0.834937  0.016049  0.549930 -0.014138
1403638526.427830 -0.000516 -0.190382  0.131752  0.830107  0.006460  0.557443 -0.011765
1403638526.527829 -0.011070 -0.236997  0.142575  0.824952 -0.005192  0.565073 -0.010926
1403638526.627830 -0.022395 -0.290914  0.150012  0.819396 -0.014788  0.572974 -0.008517
1403638526.727829 -0.036014 -0.351602  0.155825  0.815320 -0.021965  0.578585 -0.003090
1403638526.827830 -0.051894 -0.416222  0.159886  0.813108 -0.025593  0.581504  0.007336
1403638526.927830 -0.069165 -0.478974  0.162996  0.814294 -0.029581  0.579578  0.011819
1403638527.027829 -0.085262 -0.538391  0.166001  0.818598 -0.039305  0.572748  0.017652
1403638527.127830 -0.098830 -0.592845  0.170412  0.822180 -0.054195  0.566062  0.025643
1403638527.227829 -0.108945 -0.638613  0.176492  0.821525 -0.068814  0.564967  0.034259
1403638527.327830 -0.114237 -0.670101  0.183517  0.816989 -0.080446  0.568913  0.048943
1403638527.427830 -0.112213 -0.683286  0.188473  0.812202 -0.086671  0.573477  0.062770
1403638527.527829 -0.105668 -0.674856  0.190442  0.810120 -0.089246  0.575298  0.069088
1403638527.627830 -0.092340 -0.643606  0.189401  0.810323 -0.088533  0.575088  0.069371
1403638527.727829 -0.077129 -0.598530  0.188079  0.811043 -0.081943  0.575444  0.066031
1403638527.827830 -0.062250 -0.546206  0.188880  0.813542 -0.076294  0.573690  0.056638
1403638527.927830 -0.044288 -0.489375  0.192386  0.816025 -0.071635  0.571996  0.042343
1403638528.027829 -0.022843 -0.430998  0.194253  0.815424 -0.065330  0.574039  0.035982
1403638528.127830 -0.002751 -0.372803  0.193408  0.814669 -0.057079  0.576486  0.026844
1403638528.227829  0.019866 -0.320361  0.189712  0.815969 -0.047154  0.575958  0.015600
1403638528.327830  0.048278 -0.276863  0.184199  0.816809 -0.036588  0.575731  0.004314
1403638528.427830  0.079718 -0.245824  0.178195  0.815409 -0.030812  0.578061  0.001909
1403638528.527829  0.114367 -0.224112  0.173197  0.816084 -0.030617  0.577110  0.003551
1403638528.627830  0.149293 -0.208052  0.170859  0.818198 -0.037804  0.573685  0.002809
1403638528.727829  0.181657 -0.197102  0.172149  0.818206 -0.043327  0.573273  0.004482
1403638528.827830  0.203342 -0.189698  0.177013  0.817072 -0.049240  0.574397  0.006140
1403638528.927830  0.208805 -0.183363  0.186923  0.816194 -0.056938  0.574965 -0.000257
1403638529.027829  0.198987 -0.174881  0.202818  0.816829 -0.061136  0.573602 -0.005863
1403638529.127830  0.174024 -0.162339  0.217171  0.817614 -0.057662  0.572853  0.004717
1403638529.227829  0.141483 -0.144070  0.221425  0.818907 -0.050293  0.571365  0.020101
1403638529.327830  0.105654 -0.123445  0.215759  0.822219 -0.045075  0.566704  0.027755
1403638529.427830  0.073146 -0.100206  0.198423  0.829939 -0.041272  0.555545  0.029467
1403638529.527829  0.045616 -0.084519  0.176386  0.841220 -0.039200  0.538663  0.025581
1403638529.627830  0.025066 -0.072478  0.152230  0.848646 -0.035854  0.527071  0.026648
1403638529.727829  0.012950 -0.064067  0.123721  0.848750 -0.033530  0.527089  0.026015
1403638529.827830  0.006544 -0.054977  0.102083  0.842719 -0.034418  0.536682  0.024745
1403638529.927830  0.001508 -0.047670  0.082516  0.837795 -0.034705  0.544336  0.024346
1403638530.027829  0.004337 -0.043886  0.069085  0.837481 -0.034954  0.544789  0.024666
1403638530.127830  0.014426 -0.042871  0.059262  0.839680 -0.037195  0.541237  0.024844
1403638530.227829  0.029063 -0.043932  0.049475  0.840229 -0.042972  0.539850  0.027020
1403638530.327830  0.043329 -0.046403  0.039400  0.839563 -0.049035  0.540311  0.028164
1403638530.427830  0.056122 -0.050126  0.030531  0.839029 -0.053075  0.540574  0.031496
1403638530.527829  0.066273 -0.054056  0.023998  0.838887 -0.056967  0.540533  0.029119
1403638530.627830  0.072091 -0.058177  0.019034  0.840149 -0.059463  0.538203  0.030845
1403638530.727829  0.075577 -0.060779  0.013799  0.844014 -0.061635  0.531856  0.031153
1403638530.827830  0.078124 -0.062744  0.008579  0.846101 -0.062216  0.528463  0.031131
1403638530.927830  0.080142 -0.063558  0.004719  0.845195 -0.061515  0.530130  0.028697
1403638531.027829  0.080668 -0.063391  0.002199  0.842513 -0.061282  0.534483  0.027267
1403638531.127830  0.080038 -0.062209  0.002016  0.838904 -0.059936  0.540157  0.029640
1403638531.227829  0.080616 -0.060950  0.001330  0.838623 -0.057189  0.540768  0.031792
1403638531.327830  0.080666 -0.059643  0.000460  0.834982 -0.057391  0.546310  0.032502
1403638531.427830  0.080619 -0.059803  0.000407  0.835821 -0.056878  0.545030  0.033323
1403638531.527829  0.080237 -0.059861  0.000476  0.835056 -0.057382  0.546177  0.032841
1403638531.627830  0.080164 -0.059942  0.000393  0.835229 -0.056373  0.545986  0.033394
1403638531.727829  0.080147 -0.059906  0.000326  0.835376 -0.056882  0.545708  0.033388
1403638531.827830  0.080195 -0.059901  0.000273  0.835396 -0.057037  0.545660  0.033391
1403638531.927830  0.080194 -0.059864  0.000229  0.835398 -0.057253  0.545638  0.033320
1403638532.027829  0.080201 -0.059836  0.000157  0.835440 -0.057436  0.545558  0.033286
1403638532.127830  0.080235 -0.059859  0.000126  0.835484 -0.057560  0.545475  0.033331
1403638532.227829  0.080159 -0.059900  0.000074  0.835657 -0.057527  0.545194  0.033639
1403638532.327830  0.080173 -0.059950  0.000052  0.835677 -0.057535  0.545152  0.033795
1403638532.427830  0.080138 -0.060000  0.000021  0.835762 -0.057545  0.545014  0.033924
1403638532.527829  0.080127 -0.060025 -0.000008  0.835811 -0.057640  0.544924  0.034002
1403638532.627830  0.080134 -0.060047 -0.000047  0.835853 -0.057735  0.544846  0.034059
1403638532.727829  0.080120 -0.060049 -0.000077  0.835853 -0.057823  0.544833  0.034111
1403638532.827830  0.080132 -0.060062 -0.000076  0.835858 -0.057918  0.544812  0.034167
1403638532.927830  0.080106 -0.060077 -0.000091  0.835862 -0.057939  0.544793  0.034319
1403638533.027829  0.080110 -0.060118 -0.000095  0.835843 -0.058029  0.544805  0.034447
1403638533.127830  0.080099 -0.060146 -0.000102  0.835842 -0.058113  0.544791  0.034551
1403638533.227829  0.080093 -0.060177 -0.000127  0.835819 -0.058206  0.544809  0.034673
1403638533.327830  0.080101 -0.060200 -0.000127  0.835790 -0.058291  0.544833  0.034829
1403638533.427830  0.080082 -0.060229 -0.000149  0.835774 -0.058394  0.544844  0.034888
1403638533.527829  0.080095 -0.060258 -0.000148  0.835745 -0.058483  0.544869  0.035040
1403638533.627830  0.080095 -0.060308 -0.000147  0.835722 -0.058546  0.544886  0.035221
1403638533.727829  0.080070 -0.060356 -0.000154  0.835712 -0.058735  0.544861  0.035524
1403638533.827830  0.080082 -0.060402 -0.000163  0.835647 -0.058878  0.544939  0.035612
1403638533.927830  0.080129 -0.060457 -0.000218  0.835657 -0.058937  0.544902  0.035851
1403638534.027829  0.080097 -0.060477 -0.000210  0.835602 -0.059143  0.544953  0.036010
1403638534.127830  0.080070 -0.060490 -0.000182  0.835648 -0.059301  0.544860  0.036101
1403638534.227829  0.080044 -0.060459 -0.000166  0.835635 -0.059336  0.544886  0.035947
1403638534.327830  0.080077 -0.060425 -0.000148  0.835684 -0.059262  0.544833  0.035737
1403638534.427830  0.080082 -0.060441 -0.000147  0.835732 -0.059378  0.544742  0.035818
1403638534.527829  0.080069 -0.060502 -0.000133  0.835738 -0.059666  0.544682  0.036096
1403638534.627830  0.080097 -0.060500 -0.000090  0.835786 -0.059333  0.544651  0.036016
1403638534.727829  0.080117 -0.060516 -0.000097  0.835782 -0.059155  0.544681  0.035949
1403638534.827830  0.080108 -0.060547 -0.000095  0.835736 -0.059305  0.544721  0.036150
1403638534.927830  0.080085 -0.060645 -0.000108  0.835706 -0.059670  0.544692  0.036677
1403638535.027829  0.080083 -0.060669 -0.000094  0.835725 -0.059634  0.544672  0.036618
1403638535.127830  0.080088 -0.060726 -0.000084  0.835726 -0.059742  0.544641  0.036862
1403638535.227829  0.080087 -0.060834 -0.000097  0.835650 -0.060043  0.544698  0.037260
1403638535.327830  0.080084 -0.060836 -0.000095  0.835668 -0.060068  0.544667  0.037254
1403638535.427830  0.080086 -0.060839 -0.000077  0.835644 -0.060089  0.544692  0.037417
1403638535.527829  0.080098 -0.060840 -0.000078  0.835626 -0.060156  0.544711  0.037420
1403638535.627830  0.080108 -0.060922 -0.000082  0.835579 -0.060370  0.544732  0.037823
1403638535.727829  0.080113 -0.060972 -0.000079  0.835542 -0.060542  0.544755  0.038033
1403638535.827830  0.080125 -0.061062 -0.000082  0.835484 -0.060755  0.544798  0.038355
1403638535.927830  0.080123 -0.061128 -0.000091  0.835445 -0.061014  0.544804  0.038692
1403638536.027829  0.080130 -0.061181 -0.000086  0.835424 -0.061121  0.544817  0.038803
1403638536.127830  0.080136 -0.061213 -0.000085  0.835401 -0.061254  0.544825  0.038964
1403638536.227829  0.080151 -0.061226 -0.000073  0.835401 -0.061270  0.544825  0.038948
1403638536.327830  0.080145 -0.061229 -0.000094  0.835338 -0.061251  0.544925  0.038939
1403638536.427830  0.080152 -0.061251 -0.000094  0.835292 -0.061378  0.544968  0.039114
1403638536.527829  0.080156 -0.061274 -0.000080  0.835296 -0.061374  0.544960  0.039145
1403638536.627830  0.080148 -0.061285 -0.000083  0.835225 -0.061537  0.545041  0.039283
1403638536.727829  0.080162 -0.061352 -0.000086  0.835178 -0.061636  0.545077  0.039614
1403638536.827830  0.080166 -0.061427 -0.000096  0.835131 -0.061834  0.545110  0.039851
1403638536.927830  0.080163 -0.061444 -0.000099  0.835118 -0.061834  0.545129  0.039846
1403638537.027829  0.080176 -0.061466 -0.000082  0.835125 -0.061895  0.545103  0.039976
1403638537.127830  0.080190 -0.061467 -0.000082  0.835087 -0.061906  0.545145  0.040193
1403638537.227829  0.080192 -0.061464 -0.000068  0.835091 -0.062012  0.545121  0.040250
1403638537.327830  0.080203 -0.061473 -0.000070  0.835053 -0.062038  0.545176  0.040269
1403638537.427830  0.080210 -0.061484 -0.000074  0.835024 -0.062055  0.545215  0.040312
1403638537.527829  0.080222 -0.061484 -0.000055  0.835021 -0.062056  0.545210  0.040427
1403638537.627830  0.080228 -0.061485 -0.000021  0.835022 -0.061983  0.545206  0.040579
1403638537.727829  0.080231 -0.061537 -0.000007  0.835068 -0.062060  0.545119  0.040680
1403638537.827830  0.080225 -0.061514  0.000008  0.835048 -0.062076  0.545148  0.040677
1403638537.927830  0.080245 -0.061524 -0.000003  0.834998 -0.062077  0.545224  0.040690
1403638538.027829  0.080231 -0.061540  0.000057  0.835071 -0.062120  0.545105  0.040732
1403638538.127830  0.080221 -0.061528  0.000065  0.834985 -0.062069  0.545233  0.040836
1403638538.227829  0.080248 -0.061524  0.000050  0.834979 -0.062108  0.545238  0.040858
1403638538.327830  0.080235 -0.061541  0.000036  0.834976 -0.062049  0.545246  0.040898
1403638538.427830  0.080298 -0.061501  0.000115  0.834864 -0.062082  0.545409  0.040948
1403638538.527829  0.080266 -0.061526  0.000198  0.834865 -0.062126  0.545405  0.040920
1403638538.627830  0.080212 -0.061552  0.000290  0.834683 -0.062204  0.545663  0.041081
1403638538.727829  0.080187 -0.061639  0.000411  0.834333 -0.062216  0.546176  0.041358
1403638538.827830  0.080971 -0.061518  0.000550  0.833785 -0.061819  0.547079  0.041064
1403638538.927830  0.083223 -0.061266  0.002225  0.830916 -0.061064  0.551501  0.041187
1403638539.027829  0.086511 -0.061135  0.005457  0.826262 -0.061619  0.558304  0.042312
1403638539.127830  0.092467 -0.061278  0.011315  0.819608 -0.062940  0.567893  0.042178
1403638539.227829  0.100199 -0.060948  0.023243  0.814816 -0.062234  0.574835  0.042034
1403638539.327830  0.107731 -0.060501  0.043704  0.813877 -0.061918  0.576233  0.041536
1403638539.427830  0.114978 -0.060233  0.071564  0.815478 -0.060847  0.574087  0.041442
1403638539.527829  0.122319 -0.060129  0.104626  0.817465 -0.059716  0.571400  0.041083
1403638539.627830  0.129939 -0.060303  0.137746  0.818145 -0.058792  0.570582  0.040229
1403638539.727829  0.137843 -0.060420  0.161387  0.818794 -0.057815  0.569792  0.039624
1403638539.827830  0.146740 -0.060139  0.174309  0.820419 -0.056499  0.567595  0.039446
1403638539.927830  0.157780 -0.059481  0.183788  0.824285 -0.055891  0.562117  0.038136
1403638540.027829  0.172131 -0.059383  0.192849  0.829705 -0.056485  0.554115  0.036830
1403638540.127830  0.191087 -0.059386  0.201473  0.835561 -0.056389  0.545278  0.036475
1403638540.227829  0.218062 -0.060177  0.210762  0.835501 -0.055153  0.545462  0.036989
1403638540.327830  0.252357 -0.061723  0.221893  0.829325 -0.054064  0.554861  0.037772
1403638540.427830  0.290186 -0.062228  0.232377  0.824777 -0.050091  0.562009  0.037134
1403638540.527829  0.353369 -0.071955  0.220593  0.824450 -0.041388  0.563536  0.031577
1403638540.627830  0.399049 -0.069943  0.226993  0.824782 -0.027498  0.564315  0.022940
1403638540.727829  0.447135 -0.066179  0.233829  0.824134 -0.006101  0.566135  0.016027
1403638540.827830  0.502947 -0.066701  0.235113 0.823659 0.020444 0.566676 0.006866
1403638540.927830  0.555565 -0.058599  0.237925  0.822856  0.048626  0.566145 -0.004898
1403638541.027829  0.608466 -0.045554  0.239152  0.821279  0.071261  0.565709 -0.019890
1403638541.127830  0.660980 -0.026691  0.237632  0.819053  0.087520  0.566100 -0.031994
1403638541.227829  0.714108 -0.004773  0.231784  0.818217  0.098469  0.565039 -0.039436
1403638541.327830 0.770697 0.015811 0.229530  0.817630  0.104579  0.564475 -0.043738
1403638541.427830 0.824357 0.046018 0.232310  0.817704  0.105775  0.563953 -0.046146
1403638541.527829 0.877714 0.080792 0.240467  0.816529  0.106542  0.565608 -0.044917
1403638541.627830 0.933163 0.122440 0.255831  0.814981  0.108844  0.567315 -0.045962
1403638541.727829 0.988796 0.170691 0.278199  0.813193  0.113133  0.568415 -0.053122
1403638541.827830 1.042694 0.224261 0.307281  0.812192  0.119549  0.567255 -0.065374
1403638541.927830 1.093650 0.283063 0.341576  0.811190  0.131058  0.564672 -0.077067
1403638542.027829 1.143862 0.343009 0.369905  0.809535  0.146706  0.561243 -0.090203
1403638542.127830 1.193754 0.403367 0.392151  0.806716  0.165972  0.557560 -0.103871
1403638542.227829 1.242568 0.464931 0.407366  0.802910  0.187027  0.553110 -0.120107
1403638542.327830 1.291093 0.527697 0.417128  0.797853  0.210696  0.548518 -0.134778
1403638542.427830 1.340194 0.592085 0.423105  0.786675  0.231301  0.553755 -0.144904
1403638542.527829 1.387545 0.655158 0.428728  0.773238  0.250862  0.563782 -0.146018
1403638542.627830 1.430045 0.722978 0.431931  0.764871  0.265600  0.569084 -0.143432
1403638542.727829 1.461599 0.789315 0.438772  0.765316  0.270416  0.564966 -0.148254
1403638542.827830 1.484883 0.858993 0.452568  0.769906  0.268042  0.557030 -0.158481
1403638542.927830 1.504915 0.934769 0.474124  0.775351  0.264797  0.549159 -0.164737
1403638543.027829 1.520468 1.011609 0.502213  0.779300  0.262087  0.543872 -0.167946
1403638543.127830 1.535063 1.090090 0.528534  0.781552  0.258916  0.541525 -0.169972
1403638543.227829 1.549056 1.168716 0.551074  0.782360  0.257377  0.541261 -0.169429
1403638543.327830 1.561891 1.244212 0.564430  0.782993  0.255235  0.541241 -0.169808
1403638543.427830 1.577399 1.325162 0.574551  0.782977  0.256661  0.540235 -0.170933
1403638543.527829 1.590893 1.406362 0.584835  0.781206  0.263861  0.538046 -0.174932
1403638543.627830 1.605546 1.489392 0.586420  0.776696  0.279441  0.534973 -0.180168
1403638543.727829 1.619111 1.574641 0.591181  0.769803  0.298845  0.531190 -0.189558
1403638543.827830 1.631521 1.662760 0.600368  0.760023  0.321876  0.528178 -0.199470
1403638543.927830 1.642772 1.751988 0.618295  0.750610  0.342457  0.523042 -0.213858
1403638544.027829 1.652590 1.835243 0.640056  0.744080  0.357069  0.516201 -0.228875
1403638544.127830 1.664408 1.922208 0.663426  0.740586  0.366428  0.509216 -0.240753
1403638544.227829 1.678133 2.011589 0.683198  0.737758  0.370791  0.505538 -0.250316
1403638544.327830 1.693533 2.100339 0.695636  0.736043  0.373977  0.503486 -0.254723
1403638544.427830 1.710242 2.192123 0.702850  0.736654  0.375150  0.501184 -0.255769
1403638544.527829 1.727888 2.282086 0.710180  0.735903  0.375255  0.502649 -0.254899
1403638544.627830 1.745894 2.373644 0.717759  0.730582  0.374667  0.508564 -0.259299
1403638544.727829 1.763302 2.462366 0.731554  0.726030  0.374944  0.512917 -0.263084
1403638544.827830 1.779190 2.552556 0.750142  0.727752  0.376915  0.509566 -0.262020
1403638544.927830 1.794218 2.642457 0.762786  0.730603  0.378375  0.504948 -0.260921
1403638545.027829 1.810870 2.729735 0.768567  0.729900  0.378747  0.504838 -0.262556
1403638545.127830 1.825976 2.818555 0.770985  0.728824  0.378964  0.505756 -0.263462
1403638545.227829 1.842498 2.905140 0.764785  0.729035  0.380757  0.504661 -0.262391
1403638545.327830 1.857548 2.991620 0.756047  0.726897  0.381295  0.506967 -0.263096
1403638545.427830 1.875904 3.082228 0.741032  0.725907  0.380448  0.508039 -0.264980
1403638545.527829 1.893517 3.172688 0.725948  0.724615  0.383926  0.505699 -0.267959
1403638545.627830 1.907099 3.257985 0.718779  0.721026  0.392873  0.500078 -0.275126
1403638545.727829 1.923446 3.342631 0.714116  0.714758  0.407020  0.493107 -0.283377
1403638545.827830 1.939736 3.425467 0.719392  0.704243  0.425541  0.486553 -0.293637
1403638545.927830 1.955146 3.509799 0.730820  0.692584  0.446769  0.477842 -0.303961
1403638546.027829 1.971222 3.595871 0.748555  0.680348  0.467419  0.470132 -0.312445
1403638546.127830 1.989326 3.686735 0.763925  0.669702  0.483506  0.464955 -0.318651
1403638546.227829 2.005806 3.780053 0.772747  0.663337  0.492768  0.459401 -0.325752
1403638546.327830 2.021294 3.874074 0.774686  0.660171  0.497535  0.454535 -0.331708
1403638546.427830 2.035547 3.969865 0.771327  0.659816  0.498651  0.450312 -0.336465
1403638546.527829 2.048918 4.063669 0.764447  0.658768  0.500486  0.448946 -0.337619
1403638546.627830 2.061551 4.160282 0.761430  0.655009  0.505524  0.447222 -0.339708
1403638546.727829 2.073542 4.258380 0.766242  0.650131  0.511315  0.444951 -0.343374
1403638546.827830 2.085141 4.360920 0.781661  0.645737  0.517149  0.443918 -0.344263
1403638546.927830 2.094578 4.465286 0.800173  0.642662  0.521347  0.443306 -0.344475
1403638547.027829 2.103338 4.570281 0.813216  0.639562  0.525211  0.444341 -0.343039
1403638547.127830 2.108866 4.676842 0.818740  0.636878  0.529150  0.446194 -0.339555
1403638547.227829 2.112071 4.784961 0.820709  0.635588  0.531187  0.447126 -0.337560
1403638547.327830 2.109242 4.894525 0.816349  0.634723  0.531927  0.448426 -0.336295
1403638547.427830 2.101275 4.997859 0.811006  0.637962  0.528118  0.444302 -0.341603
1403638547.527829 2.092021 5.106282 0.802562  0.641228  0.524084  0.440645 -0.346403
1403638547.627830 2.080358 5.218852 0.785976  0.643500  0.521442  0.438703 -0.348634
1403638547.727829 2.070980 5.334507 0.767593  0.643866  0.521073  0.439729 -0.347215
1403638547.827830 2.053945 5.446420 0.741191  0.641677  0.523326  0.443498 -0.343061
1403638547.927830 2.040183 5.564920 0.716322  0.641479  0.523303  0.444137 -0.342637
1403638548.027829 2.017840 5.657923 0.697318  0.640713  0.524512  0.442535 -0.344292
1403638548.127830 1.996721 5.780422 0.685316  0.638051  0.528362  0.439162 -0.347651
1403638548.227829 1.972407 5.898366 0.683768  0.632646  0.535144  0.433797 -0.353836
1403638548.327830 1.947454 6.022755 0.688238  0.624769  0.544913  0.426749 -0.361412
1403638548.427830 1.920841 6.148844 0.701038  0.615208  0.557214  0.418640 -0.368474
1403638548.527829 1.897862 6.277847 0.720080  0.606650  0.566011  0.412180 -0.376451
1403638548.627830 1.871426 6.406004 0.730662  0.599442  0.572991  0.408314 -0.381614
1403638548.727829 1.849627 6.535011 0.743441  0.594892  0.577709  0.404721 -0.385431
1403638548.827830 1.826697 6.654854 0.754948  0.591919  0.580941  0.402088 -0.387898
1403638548.927830 1.801976 6.778659 0.773532  0.590223  0.582318  0.400687 -0.389863
1403638549.027829 1.775075 6.908464 0.795645  0.589547  0.584131  0.399922 -0.388958
1403638549.127830 1.749753 7.030038 0.826095  0.589957  0.582730  0.399106 -0.391267
1403638549.227829 1.722883 7.156785 0.860701  0.590004  0.582278  0.399293 -0.391679
1403638549.327830 1.695962 7.288923 0.899643  0.591200  0.580421  0.398661 -0.393274
1403638549.427830 1.669981 7.415794 0.942767  0.592460  0.577951  0.397974 -0.395702
1403638549.527829 1.644768 7.547271 0.979951  0.593742  0.576520  0.397358 -0.396485
1403638549.627830 1.619700 7.681061 1.009847  0.592949  0.574621  0.399320 -0.398455
1403638549.727829 1.597507 7.814014 1.038037  0.592419  0.574562  0.401344 -0.397293
1403638549.827830 1.575131 7.947124 1.067906  0.594076  0.574123  0.399370 -0.397443
1403638549.927830 1.554671 8.083198 1.106740  0.594902  0.574954  0.398887 -0.395486
1403638550.027829 1.534990 8.223239 1.153139  0.595890  0.574303  0.397698 -0.396141
1403638550.127830 1.516457 8.366025 1.207843  0.596813  0.573816  0.395959 -0.397197
1403638550.227829 1.499789 8.508525 1.269967  0.596649  0.574556  0.395380 -0.396951
1403638550.327830 1.482888 8.654702 1.337312  0.595761  0.575309  0.396283 -0.396294
1403638550.427830 1.468366 8.800098 1.401605  0.595298  0.574405  0.396117 -0.398460
1403638550.527829 1.454779 8.945382 1.459296  0.596556  0.572874  0.393896 -0.400977
1403638550.627830 1.444288 9.091150 1.509616  0.595856  0.569761  0.394764 -0.405574
1403638550.727829 1.436779 9.234813 1.556185  0.594631  0.566858  0.396412 -0.409810
1403638550.827830 1.433805 9.377007 1.597617  0.592405  0.564114  0.400070 -0.413250
1403638550.927830 1.434665 9.515601 1.637140  0.587945  0.559331  0.406856 -0.419449
1403638551.027829 1.437104 9.651052 1.668381  0.584793  0.555521  0.411193 -0.424658
1403638551.127830 1.441578 9.779261 1.696748  0.583878  0.553112  0.412396 -0.427882
1403638551.227829 1.451704 9.896288 1.733847  0.584277  0.551142  0.410549 -0.431639
1403638551.327830  1.465631 10.006058  1.770048  0.588707  0.550177  0.408392 -0.428887
1403638551.427830  1.484721 10.108489  1.805223  0.599205  0.543562  0.408103 -0.423020
1403638551.527829  1.512249 10.220068  1.844038  0.613880  0.530742  0.410651 -0.415729
1403638551.627830  1.544736 10.332282  1.877218  0.630317  0.512733  0.414813 -0.409555
1403638551.727829  1.586791 10.429807  1.904249  0.645490  0.494234  0.421633 -0.401622
1403638551.827830  1.638286 10.532647  1.926960  0.658888  0.476293  0.430587 -0.391926
1403638551.927830  1.697376 10.625051  1.947831  0.665632  0.465406  0.442800 -0.379816
1403638552.027829  1.762899 10.708790  1.974526  0.667400  0.459115  0.455590 -0.369091
1403638552.127830  1.831891 10.782130  2.006539  0.670406  0.455227  0.461264 -0.361330
1403638522.827830 0.020021 0.005823 0.182206  0.818886  0.023182  0.570789 -0.055571
1403638522.927830 0.029133 0.008240 0.281812  0.813522  0.018126  0.577225 -0.068302
1403638523.027829 0.032726 0.004499 0.344561  0.809470  0.015135  0.582478 -0.072451
1403638523.127830  0.032800 -0.000630  0.366552  0.808014  0.015567  0.584520 -0.072164
1403638523.227829  0.030998 -0.006885  0.378587  0.806504  0.015363  0.587117 -0.067891
1403638523.327830  0.029832 -0.013368  0.360448  0.804182  0.014728  0.591315 -0.058486
1403638523.427830  0.028973 -0.018566  0.324073  0.805102  0.015405  0.590361 -0.055201
1403638523.527829  0.025681 -0.024606  0.278406  0.811896  0.019072  0.581419 -0.049127
1403638523.627830  0.019869 -0.032174  0.227782  0.822176  0.022914  0.567247 -0.041625
1403638523.727829  0.014115 -0.038218  0.179428  0.829177  0.025751  0.557181 -0.036757
1403638523.827830  0.007823 -0.043011  0.134334  0.831598  0.028396  0.553574 -0.034562
1403638523.927830  0.000951 -0.048373  0.094370  0.831197  0.032700  0.554340 -0.027368
1403638524.027829 -0.004079 -0.051496  0.070085  0.832669  0.040360  0.551985 -0.018606
1403638524.127830 -0.006767 -0.051417  0.071911  0.836963  0.047905  0.544959 -0.014749
1403638524.227829 -0.006139 -0.050120  0.108759  0.840260  0.050583  0.539466 -0.019519
1403638524.327830 -0.003253 -0.050161  0.158943  0.839086  0.050317  0.540951 -0.027833
1403638524.427830  0.002883 -0.049240  0.217008  0.834451  0.048091  0.547761 -0.036564
1403638524.527829  0.010411 -0.047835  0.277680  0.826252  0.047238  0.559763 -0.041740
1403638524.627830  0.019284 -0.045367  0.335257  0.818254  0.043576  0.571654 -0.042110
1403638524.727829  0.027632 -0.041269  0.382984  0.813281  0.038309  0.579675 -0.032916
1403638524.827830  0.033474 -0.036695  0.416102  0.810653  0.033280  0.584223 -0.020440
1403638524.927830  0.037760 -0.031866  0.434575  0.809554  0.033224  0.585595 -0.024412
1403638525.027829  0.037941 -0.029914  0.433922  0.807282  0.036759  0.588311 -0.028887
1403638525.127830  0.039123 -0.028559  0.409725  0.804860  0.040776  0.591545 -0.024719
1403638525.227829  0.039843 -0.028468  0.368470  0.805058  0.045850  0.590953 -0.023540
1403638525.327830  0.038518 -0.027491  0.316215  0.810916  0.050701  0.582450 -0.024431
1403638525.427830  0.034702 -0.028526  0.262675  0.822091  0.054283  0.565972 -0.029927
1403638525.527829  0.030838 -0.028847  0.212912  0.833475  0.055088  0.548402 -0.039238
1403638525.627830  0.028058 -0.030711  0.169990  0.839320  0.053371  0.539307 -0.042905
1403638525.727829  0.026804 -0.034022  0.135740  0.839886  0.049243  0.538923 -0.041572
1403638525.827830  0.026076 -0.034025  0.109467  0.836928  0.043336  0.544324 -0.037204
1403638525.927830  0.024441 -0.037036  0.092072  0.833931  0.040511  0.549660 -0.028149
1403638526.027829  0.021790 -0.050472  0.085234  0.834229  0.040159  0.549517 -0.021930
1403638526.127830  0.017040 -0.076819  0.091807  0.836797  0.033945  0.546117 -0.019374
1403638526.227829  0.013411 -0.109493  0.103492  0.837808  0.024555  0.545143 -0.017179
1403638526.327830  0.007601 -0.147331  0.117996  0.834937  0.016049  0.549930 -0.014138
1403638526.427830 -0.000516 -0.190382  0.131752  0.830107  0.006460  0.557443 -0.011765
1403638526.527829 -0.011070 -0.236997  0.142575  0.824952 -0.005192  0.565073 -0.010926
1403638526.627830 -0.022395 -0.290914  0.150012  0.819396 -0.014788  0.572974 -0.008517
1403638526.727829 -0.036014 -0.351602  0.155825  0.815320 -0.021965  0.578585 -0.003090
1403638526.827830 -0.051894 -0.416222  0.159886  0.813108 -0.025593  0.581504  0.007336
1403638522.827830 0.020021 0.005823 0.182206  0.818886  0.023182  0.570789 -0.055571
1403638522.927830 0.029133 0.008240 0.281812  0.813522  0.018126  0.577225 -0.068302
1403638523.027829 0.032726 0.004499 0.344561  0.809470  0.015135  0.582478 -0.072451
1403638523.127830  0.032800 -0.000630  0.366552  0.808014  0.015567  0.584520 -0.072164
1403638523.227829  0.030998 -0.006885  0.378587  0.806504  0.015363  0.587117 -0.067891
1403638523.327830  0.029832 -0.013368  0.360448  0.804182  0.014728  0.591315 -0.058486
1403638523.427830  0.028973 -0.018566  0.324073  0.805102  0.015405  0.590361 -0.055201
1403638523.527829  0.025681 -0.024606  0.278406  0.811896  0.019072  0.581419 -0.049127
1403638523.627830  0.019869 -0.032174  0.227782  0.822176  0.022914  0.567247 -0.041625
1403638523.727829  0.014115 -0.038218  0.179428  0.829177  0.025751  0.557181 -0.036757
1403638523.827830  0.007823 -0.043011  0.134334  0.831598  0.028396  0.553574 -0.034562
1403638523.927830  0.000951 -0.048373  0.094370  0.831197  0.032700  0.554340 -0.027368
1403638524.027829 -0.004079 -0.051496  0.070085  0.832669  0.040360  0.551985 -0.018606
1403638524.127830 -0.006767 -0.051417  0.071911  0.836963  0.047905  0.544959 -0.014749
1403638524.227829 -0.006139 -0.050120  0.108759  0.840260  0.050583  0.539466 -0.019519
1403638522.827830 0.020021 0.005823 0.182206  0.818886  0.023182  0.570789 -0.055571
1403638522.927830 0.029133 0.008240 0.281812  0.813522  0.018126  0.577225 -0.068302
1403638523.027829 0.032726 0.004499 0.344561  0.809470  0.015135  0.582478 -0.072451
1403638523.127830  0.032800 -0.000630  0.366552  0.808014  0.015567  0.584520 -0.072164
1403638523.227829  0.030998 -0.006885  0.378587  0.806504  0.015363  0.587117 -0.067891
1403638523.327830  0.029832 -0.013368  0.360448  0.804182  0.014728  0.591315 -0.058486
1403638523.427830  0.028973 -0.018566  0.324073  0.805102  0.015405  0.590361 -0.055201
1403638523.527829  0.025681 -0.024606  0.278406  0.811896  0.019072  0.581419 -0.049127
1403638523.627830  0.019869 -0.032174  0.227782  0.822176  0.022914  0.567247 -0.041625
1403638523.727829  0.014115 -0.038218  0.179428  0.829177  0.025751  0.557181 -0.036757
1403638523.827830  0.007823 -0.043011  0.134334  0.831598  0.028396  0.553574 -0.034562
1403638523.927830  0.000951 -0.048373  0.094370  0.831197  0.032700  0.554340 -0.027368
1403638524.027829 -0.004079 -0.051496  0.070085  0.832669  0.040360  0.551985 -0.018606
1403638524.127830 -0.006767 -0.051417  0.071911  0.836963  0.047905  0.544959 -0.014749
1403638524.227829 -0.006139 -0.050120  0.108759  0.840260  0.050583  0.539466 -0.019519
1403638524.327830 -0.003253 -0.050161  0.158943  0.839086  0.050317  0.540951 -0.027833
1403638524.427830  0.002883 -0.049240  0.217008  0.834451  0.048091  0.547761 -0.036564
1403638524.527829  0.010411 -0.047835  0.277680  0.826252  0.047238  0.559763 -0.041740
1403638524.627830  0.019284 -0.045367  0.335257  0.818254  0.043576  0.571654 -0.042110
1403638524.727829  0.027632 -0.041269  0.382984  0.813281  0.038309  0.579675 -0.032916
1403638524.827830  0.033474 -0.036695  0.416102  0.810653  0.033280  0.584223 -0.020440
1403638524.927830  0.037760 -0.031866  0.434575  0.809554  0.033224  0.585595 -0.024412
1403638525.027829  0.037941 -0.029914  0.433922  0.807282  0.036759  0.588311 -0.028887
1403638525.127830  0.039123 -0.028559  0.409725  0.804860  0.040776  0.591545 -0.024719
1403638525.227829  0.039843 -0.028468  0.368470  0.805058  0.045850  0.590953 -0.023540
1403638525.327830  0.038518 -0.027491  0.316215  0.810916  0.050701  0.582450 -0.024431
1403638525.427830  0.034702 -0.028526  0.262675  0.822091  0.054283  0.565972 -0.029927
1403638525.527829  0.030838 -0.028847  0.212912  0.833475  0.055088  0.548402 -0.039238
1403638525.627830  0.028058 -0.030711  0.169990  0.839320  0.053371  0.539307 -0.042905
1403638525.727829  0.026804 -0.034022  0.135740  0.839886  0.049243  0.538923 -0.041572
1403638525.827830  0.026076 -0.034025  0.109467  0.836928  0.043336  0.544324 -0.037204
1403638525.927830  0.024441 -0.037036  0.092072  0.833931  0.040511  0.549660 -0.028149
1403638526.027829  0.021790 -0.050472  0.085234  0.834229  0.040159  0.549517 -0.021930
1403638526.127830  0.017040 -0.076819  0.091807  0.836797  0.033945  0.546117 -0.019374
1403638526.227829  0.013411 -0.109493  0.103492  0.837808  0.024555  0.545143 -0.017179
1403638526.327830  0.007601 -0.147331  0.117996  0.834937  0.016049  0.549930 -0.014138
1403638526.427830 -0.000516 -0.190382  0.131752  0.830107  0.006460  0.557443 -0.011765
1403638526.527829 -0.011070 -0.236997  0.142575  0.824952 -0.005192  0.565073 -0.010926
1403638526.627830 -0.022395 -0.290914  0.150012  0.819396 -0.014788  0.572974 -0.008517
1403638526.727829 -0.036014 -0.351602  0.155825  0.815320 -0.021965  0.578585 -0.003090
1403638526.827830 -0.051894 -0.416222  0.159886  0.813108 -0.025593  0.581504  0.007336
1403638526.927830 -0.069165 -0.478974  0.162996  0.814294 -0.029581  0.579578  0.011819
1403638527.027829 -0.085262 -0.538391  0.166001  0.818598 -0.039305  0.572748  0.017652
1403638527.127830 -0.098830 -0.592845  0.170412  0.822180 -0.054195  0.566062  0.025643
1403638527.227829 -0.108945 -0.638613  0.176492  0.821525 -0.068814  0.564967  0.034259
1403638527.327830 -0.114237 -0.670101  0.183517  0.816989 -0.080446  0.568913  0.048943
1403638527.427830 -0.112213 -0.683286  0.188473  0.812202 -0.086671  0.573477  0.062770
1403638527.527829 -0.105668 -0.674856  0.190442  0.810120 -0.089246  0.575298  0.069088
1403638527.627830 -0.092340 -0.643606  0.189401  0.810323 -0.088533  0.575088  0.069371
1403638527.727829 -0.077129 -0.598530  0.188079  0.811043 -0.081943  0.575444  0.066031
1403638527.827830 -0.062250 -0.546206  0.188880  0.813542 -0.076294  0.573690  0.056638
1403638527.927830 -0.044288 -0.489375  0.192386  0.816025 -0.071635  0.571996  0.042343
1403638528.027829 -0.022843 -0.430998  0.194253  0.815424 -0.065330  0.574039  0.035982
1403638528.127830 -0.002751 -0.372803  0.193408  0.814669 -0.057079  0.576486  0.026844
1403638528.227829  0.019866 -0.320361  0.189712  0.815969 -0.047154  0.575958  0.015600
1403638528.327830  0.048278 -0.276863  0.184199  0.816809 -0.036588  0.575731  0.004314
1403638528.427830  0.079718 -0.245824  0.178195  0.815409 -0.030812  0.578061  0.001909
1403638528.527829  0.114367 -0.224112  0.173197  0.816084 -0.030617  0.577110  0.003551
1403638528.627830  0.149293 -0.208052  0.170859  0.818198 -0.037804  0.573685  0.002809
1403638528.727829  0.181657 -0.197102  0.172149  0.818206 -0.043327  0.573273  0.004482
1403638528.827830  0.203342 -0.189698  0.177013  0.817072 -0.049240  0.574397  0.006140
1403638528.927830  0.208805 -0.183363  0.186923  0.816194 -0.056938  0.574965 -0.000257
1403638529.027829  0.198987 -0.174881  0.202818  0.816829 -0.061136  0.573602 -0.005863
1403638529.127830  0.174024 -0.162339  0.217171  0.817614 -0.057662  0.572853  0.004717
1403638529.227829  0.141483 -0.144070  0.221425  0.818907 -0.050293  0.571365  0.020101
1403638529.327830  0.105654 -0.123445  0.215759  0.822219 -0.045075  0.566704  0.027755
1403638529.427830  0.073146 -0.100206  0.198423  0.829939 -0.041272  0.555545  0.029467
1403638529.527829  0.045616 -0.084519  0.176386  0.841220 -0.039200  0.538663  0.025581
1403638529.627830  0.025066 -0.072478  0.152230  0.848646 -0.035854  0.527071  0.026648
1403638529.727829  0.012950 -0.064067  0.123721  0.848750 -0.033530  0.527089  0.026015
1403638529.827830  0.006544 -0.054977  0.102083  0.842719 -0.034418  0.536682  0.024745
1403638529.927830  0.001508 -0.047670  0.082516  0.837795 -0.034705  0.544336  0.024346
1403638530.027829  0.004337 -0.043886  0.069085  0.837481 -0.034954  0.544789  0.024666
1403638530.127830  0.014426 -0.042871  0.059262  0.839680 -0.037195  0.541237  0.024844
1403638530.227829  0.029063 -0.043932  0.049475  0.840229 -0.042972  0.539850  0.027020
1403638530.327830  0.043329 -0.046403  0.039400  0.839563 -0.049035  0.540311  0.028164
1403638530.427830  0.056122 -0.050126  0.030531  0.839029 -0.053075  0.540574  0.031496
1403638530.527829  0.066273 -0.054056  0.023998  0.838887 -0.056967  0.540533  0.029119
1403638530.627830  0.072091 -0.058177  0.019034  0.840149 -0.059463  0.538203  0.030845
1403638530.727829  0.075577 -0.060779  0.013799  0.844014 -0.061635  0.531856  0.031153
1403638530.827830  0.078124 -0.062744  0.008579  0.846101 -0.062216  0.528463  0.031131
1403638530.927830  0.080142 -0.063558  0.004719  0.845195 -0.061515  0.530130  0.028697
1403638531.027829  0.080668 -0.063391  0.002199  0.842513 -0.061282  0.534483  0.027267
1403638531.127830  0.080038 -0.062209  0.002016  0.838904 -0.059936  0.540157  0.029640
1403638531.227829  0.080616 -0.060950  0.001330  0.838623 -0.057189  0.540768  0.031792
1403638531.327830  0.080666 -0.059643  0.000460  0.834982 -0.057391  0.546310  0.032502
1403638531.427830  0.080619 -0.059803  0.000407  0.835821 -0.056878  0.545030  0.033323
1403638531.527829  0.080237 -0.059861  0.000476  0.835056 -0.057382  0.546177  0.032841
1403638522.827830 0.020021 0.005823 0.182206  0.818886  0.023182  0.570789 -0.055571
1403638522.927830 0.029133 0.008240 0.281812  0.813522  0.018126  0.577225 -0.068302
1403638523.027829 0.032726 0.004499 0.344561  0.809470  0.015135  0.582478 -0.072451
1403638523.127830  0.032800 -0.000630  0.366552  0.808014  0.015567  0.584520 -0.072164
1403638523.227829  0.030998 -0.006885  0.378587  0.806504  0.015363  0.587117 -0.067891
1403638523.327830  0.029832 -0.013368  0.360448  0.804182  0.014728  0.591315 -0.058486
1403638523.427830  0.028973 -0.018566  0.324073  0.805102  0.015405  0.590361 -0.055201
1403638523.527829  0.025681 -0.024606  0.278406  0.811896  0.019072  0.581419 -0.049127
1403638523.627830  0.019869 -0.032174  0.227782  0.822176  0.022914  0.567247 -0.041625
1403638523.727829  0.014115 -0.038218  0.179428  0.829177  0.025751  0.557181 -0.036757
1403638523.827830  0.007823 -0.043011  0.134334  0.831598  0.028396  0.553574 -0.034562
1403638523.927830  0.000951 -0.048373  0.094370  0.831197  0.032700  0.554340 -0.027368
1403638524.027829 -0.004079 -0.051496  0.070085  0.832669  0.040360  0.551985 -0.018606
1403638524.127830 -0.006767 -0.051417  0.071911  0.836963  0.047905  0.544959 -0.014749
1403638524.227829 -0.006139 -0.050120  0.108759  0.840260  0.050583  0.539466 -0.019519
1403638524.327830 -0.003253 -0.050161  0.158943  0.839086  0.050317  0.540951 -0.027833
1403638524.427830  0.002883 -0.049240  0.217008  0.834451  0.048091  0.547761 -0.036564
1403638524.527829  0.010411 -0.047835  0.277680  0.826252  0.047238  0.559763 -0.041740
1403638524.627830  0.019284 -0.045367  0.335257  0.818254  0.043576  0.571654 -0.042110
1403638524.727829  0.027632 -0.041269  0.382984  0.813281  0.038309  0.579675 -0.032916
1403638524.827830  0.033474 -0.036695  0.416102  0.810653  0.033280  0.584223 -0.020440
1403638524.927830  0.037760 -0.031866  0.434575  0.809554  0.033224  0.585595 -0.024412
1403638525.027829  0.037941 -0.029914  0.433922  0.807282  0.036759  0.588311 -0.028887
1403638525.127830  0.039123 -0.028559  0.409725  0.804860  0.040776  0.591545 -0.024719
1403638525.227829  0.039843 -0.028468  0.368470  0.805058  0.045850  0.590953 -0.023540
1403638522.827830 0.020021 0.005823 0.182206  0.818886  0.023182  0.570789 -0.055571
1403638522.927830 0.029133 0.008240 0.281812  0.813522  0.018126  0.577225 -0.068302
1403638523.027829 0.032726 0.004499 0.344561  0.809470  0.015135  0.582478 -0.072451
1403638523.127830  0.032800 -0.000630  0.366552  0.808014  0.015567  0.584520 -0.072164
1403638523.227829  0.030998 -0.006885  0.378587  0.806504  0.015363  0.587117 -0.067891
1403638523.327830  0.029832 -0.013368  0.360448  0.804182  0.014728  0.591315 -0.058486
1403638523.427830  0.028973 -0.018566  0.324073  0.805102  0.015405  0.590361 -0.055201
1403638523.527829  0.025681 -0.024606  0.278406  0.811896  0.019072  0.581419 -0.049127
1403638523.627830  0.019869 -0.032174  0.227782  0.822176  0.022914  0.567247 -0.041625
1403638523.727829  0.014115 -0.038218  0.179428  0.829177  0.025751  0.557181 -0.036757
1403638523.827830  0.007823 -0.043011  0.134334  0.831598  0.028396  0.553574 -0.034562
1403638523.927830  0.000951 -0.048373  0.094370  0.831197  0.032700  0.554340 -0.027368
1403638524.027829 -0.004079 -0.051496  0.070085  0.832669  0.040360  0.551985 -0.018606
1403638524.127830 -0.006767 -0.051417  0.071911  0.836963  0.047905  0.544959 -0.014749
1403638524.227829 -0.006139 -0.050120  0.108759  0.840260  0.050583  0.539466 -0.019519
1403638524.327830 -0.003253 -0.050161  0.158943  0.839086  0.050317  0.540951 -0.027833
1403638524.427830  0.002883 -0.049240  0.217008  0.834451  0.048091  0.547761 -0.036564
1403638524.527829  0.010411 -0.047835  0.277680  0.826252  0.047238  0.559763 -0.041740
1403638524.627830  0.019284 -0.045367  0.335257  0.818254  0.043576  0.571654 -0.042110
1403638524.727829  0.027632 -0.041269  0.382984  0.813281  0.038309  0.579675 -0.032916
1403638524.827830  0.033474 -0.036695  0.416102  0.810653  0.033280  0.584223 -0.020440
1403638524.927830  0.037760 -0.031866  0.434575  0.809554  0.033224  0.585595 -0.024412
1403638525.027829  0.037941 -0.029914  0.433922  0.807282  0.036759  0.588311 -0.028887
1403638525.127830  0.039123 -0.028559  0.409725  0.804860  0.040776  0.591545 -0.024719
1403638525.227829  0.039843 -0.028468  0.368470  0.805058  0.045850  0.590953 -0.023540
1403638525.327830  0.038518 -0.027491  0.316215  0.810916  0.050701  0.582450 -0.024431
1403638525.427830  0.034702 -0.028526  0.262675  0.822091  0.054283  0.565972 -0.029927
1403638525.527829  0.030838 -0.028847  0.212912  0.833475  0.055088  0.548402 -0.039238
1403638525.627830  0.028058 -0.030711  0.169990  0.839320  0.053371  0.539307 -0.042905
1403638525.727829  0.026804 -0.034022  0.135740  0.839886  0.049243  0.538923 -0.041572
1403638525.827830  0.026076 -0.034025  0.109467  0.836928  0.043336  0.544324 -0.037204
1403638525.927830  0.024441 -0.037036  0.092072  0.833931  0.040511  0.549660 -0.028149
1403638526.027829  0.021790 -0.050472  0.085234  0.834229  0.040159  0.549517 -0.021930
1403638526.127830  0.017040 -0.076819  0.091807  0.836797  0.033945  0.546117 -0.019374
1403638526.227829  0.013411 -0.109493  0.103492  0.837808  0.024555  0.545143 -0.017179
1403638526.327830  0.007601 -0.147331  0.117996  0.834937  0.016049  0.549930 -0.014138
1403638526.427830 -0.000516 -0.190382  0.131752  0.830107  0.006460  0.557443 -0.011765
1403638526.527829 -0.011070 -0.236997  0.142575  0.824952 -0.005192  0.565073 -0.010926
1403638526.627830 -0.022395 -0.290914  0.150012  0.819396 -0.014788  0.572974 -0.008517
1403638526.727829 -0.036014 -0.351602  0.155825  0.815320 -0.021965  0.578585 -0.003090
1403638526.827830 -0.051894 -0.416222  0.159886  0.813108 -0.025593  0.581504  0.007336
1403638526.927830 -0.069165 -0.478974  0.162996  0.814294 -0.029581  0.579578  0.011819
1403638527.027829 -0.085262 -0.538391  0.166001  0.818598 -0.039305  0.572748  0.017652
1403638527.127830 -0.098830 -0.592845  0.170412  0.822180 -0.054195  0.566062  0.025643
1403638527.227829 -0.108945 -0.638613  0.176492  0.821525 -0.068814  0.564967  0.034259
1403638527.327830 -0.114237 -0.670101  0.183517  0.816989 -0.080446  0.568913  0.048943
1403638527.427830 -0.112213 -0.683286  0.188473  0.812202 -0.086671  0.573477  0.062770
1403638527.527829 -0.105668 -0.674856  0.190442  0.810120 -0.089246  0.575298  0.069088
1403638527.627830 -0.092340 -0.643606  0.189401  0.810323 -0.088533  0.575088  0.069371
1403638527.727829 -0.077129 -0.598530  0.188079  0.811043 -0.081943  0.575444  0.066031
1403638527.827830 -0.062250 -0.546206  0.188880  0.813542 -0.076294  0.573690  0.056638
1403638527.927830 -0.044288 -0.489375  0.192386  0.816025 -0.071635  0.571996  0.042343
1403638528.027829 -0.022843 -0.430998  0.194253  0.815424 -0.065330  0.574039  0.035982
1403638528.127830 -0.002751 -0.372803  0.193408  0.814669 -0.057079  0.576486  0.026844
1403638528.227829  0.019866 -0.320361  0.189712  0.815969 -0.047154  0.575958  0.015600
1403638528.327830  0.048278 -0.276863  0.184199  0.816809 -0.036588  0.575731  0.004314
1403638528.427830  0.079718 -0.245824  0.178195  0.815409 -0.030812  0.578061  0.001909
1403638528.527829  0.114367 -0.224112  0.173197  0.816084 -0.030617  0.577110  0.003551
1403638528.627830  0.149293 -0.208052  0.170859  0.818198 -0.037804  0.573685  0.002809
1403638528.727829  0.181657 -0.197102  0.172149  0.818206 -0.043327  0.573273  0.004482
1403638528.827830  0.203342 -0.189698  0.177013  0.817072 -0.049240  0.574397  0.006140
1403638528.927830  0.208805 -0.183363  0.186923  0.816194 -0.056938  0.574965 -0.000257
1403638529.027829  0.198987 -0.174881  0.202818  0.816829 -0.061136  0.573602 -0.005863
1403638529.127830  0.174024 -0.162339  0.217171  0.817614 -0.057662  0.572853  0.004717
1403638529.227829  0.141483 -0.144070  0.221425  0.818907 -0.050293  0.571365  0.020101
1403638529.327830  0.105654 -0.123445  0.215759  0.822219 -0.045075  0.566704  0.027755
1403638529.427830  0.073146 -0.100206  0.198423  0.829939 -0.041272  0.555545  0.029467
1403638529.527829  0.045616 -0.084519  0.176386  0.841220 -0.039200  0.538663  0.025581
1403638529.627830  0.025066 -0.072478  0.152230  0.848646 -0.035854  0.527071  0.026648
1403638529.727829  0.012950 -0.064067  0.123721  0.848750 -0.033530  0.527089  0.026015
1403638529.827830  0.006544 -0.054977  0.102083  0.842719 -0.034418  0.536682  0.024745
1403638529.927830  0.001508 -0.047670  0.082516  0.837795 -0.034705  0.544336  0.024346
1403638530.027829  0.004337 -0.043886  0.069085  0.837481 -0.034954  0.544789  0.024666
1403638530.127830  0.014426 -0.042871  0.059262  0.839680 -0.037195  0.541237  0.024844
1403638530.227829  0.029063 -0.043932  0.049475  0.840229 -0.042972  0.539850  0.027020
1403638530.327830  0.043329 -0.046403  0.039400  0.839563 -0.049035  0.540311  0.028164
1403638530.427830  0.056122 -0.050126  0.030531  0.839029 -0.053075  0.540574  0.031496
1403638530.527829  0.066273 -0.054056  0.023998  0.838887 -0.056967  0.540533  0.029119
1403638530.627830  0.072091 -0.058177  0.019034  0.840149 -0.059463  0.538203  0.030845
1403638530.727829  0.075577 -0.060779  0.013799  0.844014 -0.061635  0.531856  0.031153
1403638530.827830  0.078124 -0.062744  0.008579  0.846101 -0.062216  0.528463  0.031131
1403638530.927830  0.080142 -0.063558  0.004719  0.845195 -0.061515  0.530130  0.028697
1403638531.027829  0.080668 -0.063391  0.002199  0.842513 -0.061282  0.534483  0.027267
1403638531.127830  0.080038 -0.062209  0.002016  0.838904 -0.059936  0.540157  0.029640
1403638531.227829  0.080616 -0.060950  0.001330  0.838623 -0.057189  0.540768  0.031792
1403638531.327830  0.080666 -0.059643  0.000460  0.834982 -0.057391  0.546310  0.032502
1403638531.427830  0.080619 -0.059803  0.000407  0.835821 -0.056878  0.545030  0.033323
1403638531.527829  0.080237 -0.059861  0.000476  0.835056 -0.057382  0.546177  0.032841
1403638531.627830  0.080164 -0.059942  0.000393  0.835229 -0.056373  0.545986  0.033394
1403638531.727829  0.080147 -0.059906  0.000326  0.835376 -0.056882  0.545708  0.033388
1403638531.827830  0.080195 -0.059901  0.000273  0.835396 -0.057037  0.545660  0.033391
1403638531.927830  0.080194 -0.059864  0.000229  0.835398 -0.057253  0.545638  0.033320
1403638532.027829  0.080201 -0.059836  0.000157  0.835440 -0.057436  0.545558  0.033286
1403638532.127830  0.080235 -0.059859  0.000126  0.835484 -0.057560  0.545475  0.033331
1403638532.227829  0.080159 -0.059900  0.000074  0.835657 -0.057527  0.545194  0.033639
1403638532.327830  0.080173 -0.059950  0.000052  0.835677 -0.057535  0.545152  0.033795
1403638532.427830  0.080138 -0.060000  0.000021  0.835762 -0.057545  0.545014  0.033924
1403638532.527829  0.080127 -0.060025 -0.000008  0.835811 -0.057640  0.544924  0.034002
1403638532.627830  0.080134 -0.060047 -0.000047  0.835853 -0.057735  0.544846  0.034059
1403638532.727829  0.080120 -0.060049 -0.000077  0.835853 -0.057823  0.544833  0.034111
1403638532.827830  0.080132 -0.060062 -0.000076  0.835858 -0.057918  0.544812  0.034167
1403638532.927830  0.080106 -0.060077 -0.000091  0.835862 -0.057939  0.544793  0.034319
1403638533.027829  0.080110 -0.060118 -0.000095  0.835843 -0.058029  0.544805  0.034447
1403638533.127830  0.080099 -0.060146 -0.000102  0.835842 -0.058113  0.544791  0.034551
1403638533.227829  0.080093 -0.060177 -0.000127  0.835819 -0.058206  0.544809  0.034673
1403638533.327830  0.080101 -0.060200 -0.000127  0.835790 -0.058291  0.544833  0.034829
1403638533.427830  0.080082 -0.060229 -0.000149  0.835774 -0.058394  0.544844  0.034888
1403638533.527829  0.080095 -0.060258 -0.000148  0.835745 -0.058483  0.544869  0.035040
1403638533.627830  0.080095 -0.060308 -0.000147  0.835722 -0.058546  0.544886  0.035221
1403638533.727829  0.080070 -0.060356 -0.000154  0.835712 -0.058735  0.544861  0.035524
1403638533.827830  0.080082 -0.060402 -0.000163  0.835647 -0.058878  0.544939  0.035612
1403638533.927830  0.080129 -0.060457 -0.000218  0.835657 -0.058937  0.544902  0.035851
1403638534.027829  0.080097 -0.060477 -0.000210  0.835602 -0.059143  0.544953  0.036010
1403638534.127830  0.080070 -0.060490 -0.000182  0.835648 -0.059301  0.544860  0.036101
1403638534.227829  0.080044 -0.060459 -0.000166  0.835635 -0.059336  0.544886  0.035947
1403638534.327830  0.080077 -0.060425 -0.000148  0.835684 -0.059262  0.544833  0.035737
1403638534.427830  0.080082 -0.060441 -0.000147  0.835732 -0.059378  0.544742  0.035818
1403638534.527829  0.080069 -0.060502 -0.000133  0.835738 -0.059666  0.544682  0.036096
1403638534.627830  0.080097 -0.060500 -0.000090  0.835786 -0.059333  0.544651  0.036016
1403638534.727829  0.080117 -0.060516 -0.000097  0.835782 -0.059155  0.544681  0.035949
1403638534.827830  0.080108 -0.060547 -0.000095  0.835736 -0.059305  0.544721  0.036150
1403638534.927830  0.080085 -0.060645 -0.000108  0.835706 -0.059670  0.544692  0.036677
1403638535.027829  0.080083 -0.060669 -0.000094  0.835725 -0.059634  0.544672  0.036618
1403638535.127830  0.080088 -0.060726 -0.000084  0.835726 -0.059742  0.544641  0.036862
1403638535.227829  0.080087 -0.060834 -0.000097  0.835650 -0.060043  0.544698  0.037260
1403638535.327830  0.080084 -0.060836 -0.000095  0.835668 -0.060068  0.544667  0.037254
1403638535.427830  0.080086 -0.060839 -0.000077  0.835644 -0.060089  0.544692  0.037417
1403638535.527829  0.080098 -0.060840 -0.000078  0.835626 -0.060156  0.544711  0.037420
1403638535.627830  0.080108 -0.060922 -0.000082  0.835579 -0.060370  0.544732  0.037823
1403638535.727829  0.080113 -0.060972 -0.000079  0.835542 -0.060542  0.544755  0.038033
1403638535.827830  0.080125 -0.061062 -0.000082  0.835484 -0.060755  0.544798  0.038355
1403638535.927830  0.080123 -0.061128 -0.000091  0.835445 -0.061014  0.544804  0.038692
1403638536.027829  0.080130 -0.061181 -0.000086  0.835424 -0.061121  0.544817  0.038803
1403638536.127830  0.080136 -0.061213 -0.000085  0.835401 -0.061254  0.544825  0.038964
1403638536.227829  0.080151 -0.061226 -0.000073  0.835401 -0.061270  0.544825  0.038948
1403638536.327830  0.080145 -0.061229 -0.000094  0.835338 -0.061251  0.544925  0.038939
1403638536.427830  0.080152 -0.061251 -0.000094  0.835292 -0.061378  0.544968  0.039114
1403638536.527829  0.080156 -0.061274 -0.000080  0.835296 -0.061374  0.544960  0.039145
1403638536.627830  0.080148 -0.061285 -0.000083  0.835225 -0.061537  0.545041  0.039283
1403638536.727829  0.080162 -0.061352 -0.000086  0.835178 -0.061636  0.545077  0.039614
1403638536.827830  0.080166 -0.061427 -0.000096  0.835131 -0.061834  0.545110  0.039851
1403638536.927830  0.080163 -0.061444 -0.000099  0.835118 -0.061834  0.545129  0.039846
1403638537.027829  0.080176 -0.061466 -0.000082  0.835125 -0.061895  0.545103  0.039976
1403638537.127830  0.080190 -0.061467 -0.000082  0.835087 -0.061906  0.545145  0.040193
1403638537.227829  0.080192 -0.061464 -0.000068  0.835091 -0.062012  0.545121  0.040250
1403638537.327830  0.080203 -0.061473 -0.000070  0.835053 -0.062038  0.545176  0.040269
1403638537.427830  0.080210 -0.061484 -0.000074  0.835024 -0.062055  0.545215  0.040312
1403638537.527829  0.080222 -0.061484 -0.000055  0.835021 -0.062056  0.545210  0.040427
1403638537.627830  0.080228 -0.061485 -0.000021  0.835022 -0.061983  0.545206  0.040579
1403638537.727829  0.080231 -0.061537 -0.000007  0.835068 -0.062060  0.545119  0.040680
1403638537.827830  0.080225 -0.061514  0.000008  0.835048 -0.062076  0.545148  0.040677
1403638537.927830  0.080245 -0.061524 -0.000003  0.834998 -0.062077  0.545224  0.040690
1403638538.027829  0.080231 -0.061540  0.000057  0.835071 -0.062120  0.545105  0.040732
1403638538.127830  0.080221 -0.061528  0.000065  0.834985 -0.062069  0.545233  0.040836
1403638538.227829  0.080248 -0.061524  0.000050  0.834979 -0.062108  0.545238  0.040858
1403638538.327830  0.080235 -0.061541  0.000036  0.834976 -0.062049  0.545246  0.040898
1403638538.427830  0.080298 -0.061501  0.000115  0.834864 -0.062082  0.545409  0.040948
1403638538.527829  0.080266 -0.061526  0.000198  0.834865 -0.062126  0.545405  0.040920
1403638538.627830  0.080212 -0.061552  0.000290  0.834683 -0.062204  0.545663  0.041081
1403638538.727829  0.080187 -0.061639  0.000411  0.834333 -0.062216  0.546176  0.041358
1403638538.827830  0.080971 -0.061518  0.000550  0.833785 -0.061819  0.547079  0.041064
1403638538.927830  0.083223 -0.061266  0.002225  0.830916 -0.061064  0.551501  0.041187
1403638539.027829  0.086511 -0.061135  0.005457  0.826262 -0.061619  0.558304  0.042312
1403638539.127830  0.092467 -0.061278  0.011315  0.819608 -0.062940  0.567893  0.042178
1403638539.227829  0.100199 -0.060948  0.023243  0.814816 -0.062234  0.574835  0.042034
1403638539.327830  0.107731 -0.060501  0.043704  0.813877 -0.061918  0.576233  0.041536
1403638539.427830  0.114978 -0.060233  0.071564  0.815478 -0.060847  0.574087  0.041442
1403638539.527829  0.122319 -0.060129  0.104626  0.817465 -0.059716  0.571400  0.041083
1403638539.627830  0.129939 -0.060303  0.137746  0.818145 -0.058792  0.570582  0.040229
1403638539.727829  0.137843 -0.060420  0.161387  0.818794 -0.057815  0.569792  0.039624
1403638539.827830  0.146740 -0.060139  0.174309  0.820419 -0.056499  0.567595  0.039446
1403638539.927830  0.157780 -0.059481  0.183788  0.824285 -0.055891  0.562117  0.038136
1403638540.027829  0.172131 -0.059383  0.192849  0.829705 -0.056485  0.554115  0.036830
1403638540.127830  0.191087 -0.059386  0.201473  0.835561 -0.056389  0.545278  0.036475
1403638540.227829  0.218062 -0.060177  0.210762  0.835501 -0.055153  0.545462  0.036989
1403638540.327830  0.252357 -0.061723  0.221893  0.829325 -0.054064  0.554861  0.037772
1403638540.427830  0.290186 -0.062228  0.232377  0.824777 -0.050091  0.562009  0.037134
1403638540.527829  0.353369 -0.071955  0.220593  0.824450 -0.041388  0.563536  0.031577
1403638540.627830  0.399049 -0.069943  0.226993  0.824782 -0.027498  0.564315  0.022940
1403638540.727829  0.447135 -0.066179  0.233829  0.824134 -0.006101  0.566135  0.016027
1403638540.827830  0.502947 -0.066701  0.235113 0.823659 0.020444 0.566676 0.006866
1403638540.927830  0.555565 -0.058599  0.237925  0.822856  0.048626  0.566145 -0.004898
1403638541.027829  0.608466 -0.045554  0.239152  0.821279  0.071261  0.565709 -0.019890
1403638541.127830  0.660980 -0.026691  0.237632  0.819053  0.087520  0.566100 -0.031994
1403638541.227829  0.714108 -0.004773  0.231784  0.818217  0.098469  0.565039 -0.039436
1403638541.327830 0.770697 0.015811 0.229530  0.817630  0.104579  0.564475 -0.043738
